image,fruit,frp,mv,lm,ld,am,ad,bm,bd,chroma,q_ref,i1_ref,i2_ref,i_index_ref,q_pred,i_pred
"Giallo A1 (1-5) 0,0,0.JPG",1,0.004014049172102358,0.0032,0.0014337254901960782,0.028780984110464012,7.84375,9.107378104454652,40.90625,65.46103773190202,41.65147900285175,0,0,0,0,0,0
"Giallo A1 (1-5) 0,0,0.JPG",2,0.0104425658876181,0.0084,0.0041992156862745095,0.052756830440900584,5.964285714285714,1.7758058437109119,34.10843373493976,42.3991395821407,34.625972274181834,0,0,0,0,0,0
"Giallo A1 (1-5) 0,0,0.JPG",3,0.002932551319648094,0.0023,0.0009662745098039217,0.023682666599652173,6.130434782608695,3.5177110619423977,49.869565217391305,79.23344942955984,50.24495761362988,0,0,0,0,0,0
"Giallo A1 (1-5) 0,0,0.JPG",4,0.0069823536879522665,0.0055,0.002572806300237867,0.03979353053470437,6.454545454545454,9.67248803531896,28.01818181818182,27.41631293365381,28.752037656859866,0,0,0,0,0,0
"Giallo A1 (1-5) 0,0,0.JPG",5,0.00409683426443203,0.0033,0.0017725490196078431,0.034646541936066914,7.9375,5.8786557774715815,30.09090909090909,57.200001926448174,31.12019788123712,0,0,0,0,0,0
"Giallo A2 (6-10) 0,0,0.JPG",1,0.004635842381359034,0.0038,0.0020690196078431374,0.03779937289370351,8.368421052631579,11.395800363641767,21.63157894736842,34.55234096161905,23.193871575706375,0,0,0,0,0,0
"Giallo A2 (6-10) 0,0,0.JPG",2,0.009003376266099787,0.0072,0.0032627450980392153,0.04552462794276502,5.694444444444445,5.029465646702245,33.90277777777778,8.17713567451991,34.377682274700355,0,0,0,0,0,0
"Giallo A2 (6-10) 0,0,0.JPG",3,0.006331425788384269,0.0052,0.0025239215686274513,0.04001694739790281,6.076923076923077,2.1379910937980457,23.26923076923077,32.485568029165115,24.049658930524487,0,0,0,0,0,0
"Giallo A2 (6-10) 0,0,0.JPG",4,0.004569593676670372,0.0037,0.001548235294117647,0.030562717601508253,8.135135135135135,6.670476145581027,26.7027027027027,53.095459603748004,27.914418412279996,0,0,0,0,0,0
"Giallo A2 (6-10) 0,0,0.JPG",5,0.015680264088658337,0.0133,0.006752047753794989,0.06715442347959895,6.30827067669173,1.8885505884752913,15.62406015037594,5.631011746534988,16.84949656556463,0,0,0,0,0,0
Pre-harvest a (1-6).JPG,1,0.18268186753528773,0.1346,0.06731790755517894,0.20132570512377843,30.799405646359585,10.426201404347115,15.642644873699851,7.8697189034805515,34.544112766341165,3,3,0,1,1,5
Pre-harvest a (1-6).JPG,2,0.21838235294117647,0.1782,0.08882037160167659,0.2265180329083739,26.126262626262626,10.042127618661228,17.660303200449185,5.81810584840661,31.53518523725908,3,3,0,1,1,5
Pre-harvest a (1-6).JPG,3,0.19455852156057496,0.1516,0.07375639524736789,0.20858408440068862,27.056728232189975,12.021723997444514,17.320580474934037,8.601489328041414,32.125831516386505,3,3,0,1,1,5
Pre-harvest a (1-6).JPG,4,0.22082054778952154,0.1943,0.09836947781713204,0.2379738516162881,25.413704276146316,11.610384492381142,16.984045290787442,8.158886216537006,30.56655295375873,3,2,0,1,1,5
Pre-harvest a (1-6).JPG,5,0.10177095631641087,0.0862,0.04201153956281452,0.16141577866610113,26.573085846867748,8.042008007813392,15.865429234338746,8.690901834662993,30.949002184477834,2,3,0,1,1,3
"Rosso B2 (6-10) 1,1,0.JPG",5,0.15918723510346547,0.1277,0.06491943311978256,0.19907686665443125,7.632202052091555,4.428740011226223,46.91300940438872,12.498255177405177,47.5297902324449,1,1,0,0,1,2
T0 1 (1-8).JPG,1,0.3481169474727453,0.281,0.14087665287269716,0.2724015534499497,28.121708185053382,10.636577858558578,22.35338078291815,7.398809485906569,35.923587010088966,3,3,0,1,2,5
T0 1 (1-8).JPG,2,0.33459889773423146,0.2732,0.13608584832912451,0.2681474038901794,26.326866764275255,11.307092126172165,19.218155197657392,6.4823213666826405,32.59511317398893,3,3,0,1,2,5
T0 1 (1-8).JPG,3,0.4210590235608453,0.3467,0.1752604795296159,0.2949800949575912,28.620132679550043,12.972522209997788,25.038938563599654,4.679017573128307,38.027101375029446,3,3,0,1,3,5
T0 1 (1-8).JPG,4,0.2865175406429532,0.2344,0.1185281074518434,0.2540232430527209,30.08706786171575,10.591798141019218,24.99359795134443,6.359647379922644,39.11408430564286,3,3,0,1,2,5
T0 1 (1-8).JPG,5,0.3433353998760074,0.2769,0.13783666018960133,0.2708359291185305,28.22137955940773,10.435571551391865,24.451787648970747,5.3838506846591505,37.340811232035584,3,3,0,1,2,5
T0 1 (1-8).JPG,6,0.4475816351583599,0.3646,0.17907515063700458,0.29330193171572955,28.86204059243006,11.646790342962376,23.376028524410312,4.592663450333469,37.14102982865614,3,3,0,1,3,5
T0 4 (25-32).JPG,1,0.4085764587525151,0.3249,0.1647388433059836,0.28953151511205966,28.107417666974452,11.564178662674975,19.987996306555864,5.312822165733949,34.48980899130406,4,3,1,2,3,5
T0 4 (25-32).JPG,3,0.3353718199608611,0.2742,0.1376126921356778,0.27039759686121145,26.720277169948943,11.026763618438487,21.079868708971553,6.14377664973144,34.034307350471714,3,3,0,1,2,5
T0 4 (25-32).JPG,4,0.3037128712871287,0.2454,0.12088803111521691,0.25697888791416745,27.704563977180115,10.501267220528291,20.100244498777506,3.941676458837472,34.228098020139846,3,3,0,1,2,5
T0 4 (25-32).JPG,5,0.24242805077290436,0.1929,0.09630318220506846,0.23465557681558732,29.632452047693103,9.799133712460417,18.725246241575945,3.5032666758014366,35.053060653336466,3,3,0,1,1,5
T0 4 (25-32).JPG,6,0.27401886572726214,0.2353,0.11800492059941847,0.25454803915194196,26.446238844028898,11.038345428057022,20.842328941776454,4.721234686442783,33.67203921226981,2,3,0,1,2,5
T0 4 (25-32).JPG,7,0.340022023736694,0.2779,0.1390669695935208,0.27025562946596227,24.86604249189773,10.968383013451676,22.0269881252249,4.68300564618395,33.21909503700638,3,3,0,1,2,5
T0 5 (33-40).JPG,1,0.2944065157503893,0.2458,0.12368609409960604,0.2598755188664797,27.60781122864117,10.871801410859772,17.35760781122864,6.3288207290261065,32.611007187216885,2,3,0,1,2,5
T0 5 (33-40).JPG,2,0.3718482252141983,0.3038,0.15442750472200484,0.28273994060768676,29.357142857142858,12.040876998541643,22.35660190977939,5.1103335281647,36.900670531672525,3,3,0,1,2,5
T0 5 (33-40).JPG,3,0.3957538774472413,0.3113,0.15758353797019858,0.2841850065561244,26.137809187279153,11.278814401669637,25.54352714423386,7.084555442521979,36.5466393541024,3,4,0,1,2,2
T0 5 (33-40).JPG,3,0.3957538774472413,0.3113,0.15758353797019858,0.2841850065561244,26.137809187279153,11.278814401669637,25.54352714423386,7.084555442521979,36.5466393541024,3,4,0,1,2,2
T0 5 (33-40).JPG,4,0.2974549968963377,0.2396,0.1200029045749017,0.25745543654527636,26.650939457202504,9.583828267092413,22.946160267111853,5.558088102331538,35.16815100279592,3,3,0,1,2,5
T0 5 (33-40).JPG,5,0.3586809400762889,0.2915,0.1447692144698584,0.2736466292718273,26.590051457975985,10.970584581935151,21.726586620926245,5.347258143426906,34.33766740380631,3,3,0,1,2,5
T0 Gul 1.1 (1-8).JPG,2,0.33506274131274133,0.2777,0.13464523064127612,0.26567902621515593,21.604106628242075,10.388975140082534,24.847567567567566,6.906597474724225,32.92626667615521,2,2,0,1,2,2
T0 Gul 1.1 (1-8).JPG,3,0.335012285012285,0.2727,0.1366628189121063,0.2700713741329116,32.346294937637566,12.817917484896766,20.241746148202495,5.363516646514437,38.15771328736705,3,4,0,1,2,5
T0 Gul 1.1 (1-8).JPG,4,0.4527568617925674,0.3728,0.188507019910197,0.3024792034032736,25.36722103004292,11.149013534494765,20.40343347639485,3.6229639854083597,32.55450814269388,2,4,0,1,3,5
T0 Gul 1.1 (1-8).JPG,6,0.35944353929063794,0.2868,0.14355474763162593,0.27349801877192986,22.460251046025103,10.248796041467404,21.32705718270572,4.517640163940074,30.972669325146505,2,2,0,1,2,4
T0 Gul 1.2 (9-16).JPG,1,0.3965600775193798,0.3274,0.16154069470925622,0.28468403723686864,27.10568112400733,10.95848547421331,18.073915699450215,6.788994300822126,32.578894669819604,3,4,0,1,3,5
T0 Gul 1.2 (9-16).JPG,4,0.5224005749880211,0.4361,0.21400492943374305,0.3101721168014537,23.171290988305433,11.16332488254849,19.44599862416877,5.15353654595741,30.249885761038804,3,4,0,1,4,4
T0 Gul 1.2 (9-16).JPG,7,0.33219428850378324,0.2722,0.1340966995981147,0.26689955642204377,26.469140337986776,10.295699861170059,16.886847905951505,5.438087478885042,31.397149909359246,3,4,0,1,2,5
T0 Gul 1.3 (17-24).JPG,1,0.23515325670498086,0.1964,0.09663372549019608,0.23307200226156738,26.620672097759673,10.827296365904452,24.531568228105908,5.406068983871696,36.20024893100399,2,2,0,1,1,5
T0 Gul 1.3 (17-24).JPG,2,0.353949785670545,0.289,0.14034493173144433,0.2699597483447091,28.562629757785466,11.163849902317185,19.547404844290657,2.958303400449569,34.61105105059553,3,4,0,1,2,5
T0 Gul 1.3 (17-24).JPG,3,0.41805936642554253,0.3352,0.16418488964213138,0.28565504672854364,25.73090692124105,10.299617639561639,19.230011933174225,3.742919361396883,32.12277898843115,3,5,0,2,3,5
T0 Gul 1.3 (17-24).JPG,4,0.28065693430656935,0.2307,0.11374157023545492,0.2501367295182431,26.467706978760294,10.122148314772389,19.188990030342435,6.271131605307288,32.69184685970032,3,4,0,1,2,5
T0 Gul 1.3 (17-24).JPG,5,0.26572464674252844,0.2125,0.10408727147224527,0.241368022633227,25.364406779661017,11.303590690625565,22.191058823529414,3.0902069314032574,33.70157597195503,2,2,0,1,2,5
T0 Gul 1.3 (17-24).JPG,6,0.1979707409155262,0.1678,0.08308862745098039,0.21809086728595709,23.587008343265794,9.97705343383621,21.72586412395709,3.0568605793073322,32.06805473548303,2,1,0,0,1,4
T0 Gul 1.3 (17-24).JPG,7,0.4409246575342466,0.3605,0.17641407243441812,0.2920474454206782,23.524840410768803,10.824906863307804,18.43356449375867,5.736887931056052,29.886692963553216,3,5,0,2,3,4
T0 Gul 1.3 (17-24).JPG,8,0.3737249600589898,0.3041,0.15386136050739563,0.2830607347683112,25.220651101611313,12.310529751097365,19.86842105263158,5.313815422935809,32.10662543952356,3,4,0,1,2,5
T0 Gul 2.1 (1-8).JPG,1,0.3939720129171152,0.3294,0.16207839992452475,0.2844856282454933,28.422586520947178,10.13371080034135,21.12173649058895,4.638353600670764,35.411455447617584,3,5,0,2,3,5
T0 Gul 2.1 (1-8).JPG,2,0.33940042826552463,0.2853,0.14397927339103808,0.27607047582292427,25.495618647038206,11.010099484247528,21.50508236943568,6.030276930188573,33.354087274446826,2,4,0,1,2,5
T0 Gul 2.1 (1-8).JPG,3,0.418820971249094,0.3467,0.16830634556124752,0.2870776176132485,21.545428324199595,10.456381237202246,25.886357081049898,5.619592223204506,33.679503627589945,3,2,0,1,3,2
T0 Gul 2.1 (1-8).JPG,4,0.28302578516436516,0.2316,0.11540459320983294,0.25265891929914813,25.166666666666668,12.181231965813272,24.186528497409327,4.304645625255633,34.90486029003847,2,2,0,1,2,5
T0 Gul 2.1 (1-8).JPG,6,0.34547692307692307,0.2807,0.141878419202299,0.274844567574286,26.145707160669755,9.235150045126387,19.177413608835057,8.997360338521746,32.42485459729665,3,5,0,2,2,5
T0 Gul 2.1 (1-8).JPG,7,0.47480137554844065,0.4004,0.19686816716467173,0.3029126061101259,23.484265734265733,10.015697079949922,20.687734199350487,5.343313923449906,31.29685420901889,3,5,0,2,3,4
T0 Gul 2.1 (1-8).JPG,8,0.4357096141268803,0.3331,0.16840592006033184,0.2910208387681764,22.236565595917142,7.871292521898859,20.251576103272292,8.367733686283792,30.076422396424665,3,5,0,2,3,4
T0 Gul 2.2 (9-16).JPG,1,0.4527177959791511,0.3648,0.18462793740082808,0.300455056316227,24.85827850877193,11.205757668770318,19.21299342105263,4.582201937067154,31.41771994618776,3,5,0,2,3,5
T0 Gul 2.2 (9-16).JPG,2,0.4099431474537317,0.3389,0.17391768394369955,0.29518320351024385,24.04809678371201,9.563737826344463,19.06845677190912,4.204780191848757,30.690666375641744,3,5,0,2,3,4
T0 Gul 2.2 (9-16).JPG,3,0.4046483180428135,0.3308,0.16398101846125454,0.2877981028801297,24.130894800483677,10.402136828070493,19.685610640870618,5.158697796773498,31.14198693365548,3,5,0,2,3,4
T0 Gul 2.2 (9-16).JPG,4,0.32578569660975004,0.2633,0.1282882882882883,0.26088090601249814,23.779339156855297,9.478317873114957,20.283706798328904,7.171415147849554,31.255171287601765,2,5,0,2,2,4
T0 Gul 2.4 (25-30).JPG,2,0.33880714661061484,0.2579,0.12880289370650222,0.2637683416239086,24.433889104303994,10.15562269825973,22.50484683986041,6.889891483803593,33.21871562909982,2,2,0,1,2,4
T0 Gul 3.2 (9-16).JPG,5,0.3820485990001163,0.3286,0.16284063600427667,0.2853560585609352,17.99756542909312,9.723943451071309,20.778149726110772,4.831149912775667,27.488977198418368,2,1,0,0,2,4
T0 Gul 3.4 (25-30).JPG,5,0.35575221238938054,0.2814,0.14253660660183665,0.2759655442251006,24.43496801705757,10.532543387118599,21.437255599004622,5.735371060285068,32.505747024359884,3,2,0,1,2,4
T0 Gul 5.2 (9-16).JPG,2,0.28232705939868,0.231,0.11471039486436961,0.25246309231625697,18.66103896103896,9.190800819285593,21.143722943722945,5.64736784961521,28.20091124460928,1,1,0,0,2,4
T0 Gul 5.2 (9-16).JPG,3,0.24867463937862164,0.2017,0.09768663140823886,0.23511658904558633,26.693108577094694,10.298543928377963,17.73475458601884,6.693779947598489,32.047520430368444,3,2,0,1,2,5
T0 Gul 6.1 (1-8).JPG,1,0.3142788806505621,0.2628,0.13300434399407976,0.2675723253434304,23.48021308980213,11.508285200893097,24.021689497716896,5.918130042795285,33.59109961086772,2,1,0,0,2,4
T1 A1 (1-8) exp 1.JPG,2,0.3345074699380542,0.2754,0.13964257579597317,0.2717235762949904,27.25199709513435,8.986658270781668,15.846349436977842,4.811144806829802,31.524246797536957,4,4,1,2,2,5
T1 A1 (1-8) exp 1.JPG,3,0.45891008853971815,0.368,0.18695288728391343,0.3018278779948211,27.03125,12.260592206887356,20.526501766784452,6.019068324491788,33.94150484796314,3,3,1,2,3,5
T1 A2 (9-16) exp 1.JPG,2,0.3807183807183807,0.3254,0.16356971961295036,0.28682047951124634,25.85679164105716,7.826390372612093,15.312941899784814,5.21794961650994,30.050954453980804,4,4,1,2,2,3
T1 A2 (9-16) exp 1.JPG,3,0.3429401510749564,0.2951,0.14869031582098488,0.2780950364637379,32.230482009504414,15.584542696234708,21.27211114876313,6.8172766441555845,38.617440144192884,4,3,1,2,2,5
T1 A2 (9-16) exp 1.JPG,5,0.5433309126119583,0.4489,0.22138533802459967,0.3135790932591232,23.010024504343953,12.583254039500746,23.44419692581867,7.856678300982675,32.849529634183114,4,4,1,2,4,2
T1 A2 (9-16) exp 1.JPG,6,0.35656227587855605,0.2983,0.15171983299276265,0.2826014389047314,20.19845792826014,7.987513573256705,16.1552128729467,11.064785546741627,25.86442741778595,4,3,1,2,2,3
T1 A3 (17-25) exp 1.JPG,1,0.7180121152181975,0.5808,0.2902779746436728,0.33048224059443054,23.506370523415978,9.721746556593947,19.957816804407713,7.031666188993659,30.83608124879714,5,4,3,3,5,4
T1 A3 (17-25) exp 1.JPG,2,0.34278505346629823,0.2853,0.14229095953484255,0.27444991036196603,29.924991237294076,10.493767417751798,18.189274447949526,7.237297556368723,35.01934901586488,4,3,1,2,2,5
T1 A3 (17-25) exp 1.JPG,5,0.42977015687705217,0.3534,0.17891321021889198,0.29579595234295747,28.02207130730051,12.662148969900223,23.061703934333426,7.071479065505266,36.29157848187764,4,3,1,2,3,5
T1 A3 (17-25) exp 2.JPG,2,0.600295166646169,0.4881,0.24519049385696814,0.32243135132542033,17.267158369186642,7.407831886653893,21.391723007580413,8.713320117597446,27.491099857583315,4,3,1,2,4,1
T1 D3 (17-25) exp 1.JPG,5,0.5673029858051885,0.4636,0.23041933527127204,0.316292778547459,26.786577470867503,14.877226842805822,21.614754098360656,9.556199858832395,34.41973746755465,4,4,2,3,4,5
T1 E1 (1-9) exp 1.JPG,1,0.39122957867583835,0.3185,0.15889134601208904,0.28387740421842894,28.441444270015698,10.21497852651339,16.54945054945055,6.725720016860637,32.90592751546624,4,4,2,3,3,5
T1 E3 (17-25) exp 2.JPG,5,0.36681659170414793,0.2936,0.1469670221029588,0.2751955120976991,24.13458262350937,11.093621106523262,22.277342419080068,8.953185898960898,32.84445255546124,4,3,2,2,2,4
T1 F2 (10-18) exp 1.JPG,7,0.650005950255861,0.5462,0.27098767254016504,0.3274466217138511,21.725407583806557,13.521982035275888,24.31288905162944,8.118856549745825,32.60536625648242,4,5,2,3,4,2
T1 G1 (1-8) exp 1.JPG,1,0.5164835164835165,0.4324,0.21698534079362927,0.31286370506729944,24.843200740055504,13.008337983782324,19.15286771507863,7.112352520875607,31.36904468934296,4,4,2,3,4,5
T1 G1 (1-8) exp 1.JPG,3,0.611319340329835,0.4893,0.24255208702012696,0.3189241964731041,23.24897792313982,12.89740909102151,21.779276517473942,7.804525020708832,31.856739633792323,5,3,2,2,4,4
T1 G1 (1-8) exp 1.JPG,5,0.5738581146744413,0.4724,0.23596683563204843,0.31976618471572904,23.66186745712471,11.953355268115745,18.47311600338696,5.647296074165641,30.018993761169423,5,4,2,3,4,4
T1 G2 (9-16) exp 1.JPG,3,0.49412334908518113,0.4078,0.20672943064108917,0.3095483172227563,30.30308974987739,17.875073135379946,24.204512015693968,7.987721035537436,38.78318772750633,5,4,3,3,3,5
T1 G2 (9-16) exp 1.JPG,4,0.5833129733691669,0.4775,0.23982738646667415,0.3213915076228043,20.78948470883955,10.518436266575266,20.02848167539267,8.93089380671593,28.867676606900897,5,4,3,3,4,4
T1 G2 (9-16) exp 1.JPG,6,0.5903307888040712,0.4872,0.2444756366553038,0.3217226934061538,17.170566502463053,8.956348933263975,20.069390268938616,9.480712747694154,26.412284637692256,4,4,2,3,4,1
T1 Gul 2 (17-24).JPG,3,0.4014457831325301,0.3332,0.16335823718554945,0.2839891289828425,18.21239470517449,9.080831846317997,25.08823529411765,7.831050235196636,31.00178819149112,1,1,0,0,3,2
T1 Gul 5 (9-16).JPG,1,0.3499576322479119,0.2891,0.14450915485062515,0.27489687241223193,18.259233449477353,10.555496781506134,26.479584775086504,7.141992770035703,32.16470139801558,2,1,0,0,2,2
T1 Gul 6 (25-30).JPG,5,0.3599895806199531,0.2764,0.1363359995277589,0.26737118623940725,18.397314949201743,11.44358821449868,32.55302207745204,10.276083612637512,37.39198368253819,2,1,0,0,2,2
T1 H2 (9-16) exp 1.JPG,7,0.46653639472398634,0.382,0.19061224088230375,0.2998938344263698,28.827748691099476,14.422465193629389,24.88586387434555,9.243396350161657,38.08339947233761,5,5,3,4,3,5
T1 H3 (17-25) exp 1.JPG,3,0.42678027997565426,0.3506,0.17443030202847895,0.2932700399147342,33.83884768967484,14.99853528639421,22.242796005706133,5.891999474108443,40.49456243888146,4,3,2,2,3,5
T1 I1 (1-8) exp 1.JPG,1,0.7474878827284549,0.6323,0.3176804221838871,0.3358556909350618,25.636881227265537,11.334254701456222,20.177131108650958,8.106982882839093,32.624627183105254,5,3,4,4,5,5
T1 I1 (1-8) exp 2.JPG,4,0.6463697376449055,0.5297,0.2599421832590508,0.3225185612473835,22.131017557107796,8.721749873951085,21.76680513595166,7.853129299384018,31.041516456827704,4,3,2,2,4,4
T1 I3 (17-25) exp 2.JPG,9,0.4184263300696001,0.3547,0.17527406439409549,0.2914881907557301,24.89568649563011,10.904503897235392,22.088832487309645,7.874634930373618,33.28230350713612,4,4,2,3,3,4
T2 B3 (17-25) exp 1.JPG,9,0.8350983358547656,0.7176,0.3582946038570031,0.332832514128099,23.312848383500558,8.879886076130791,26.329570791527313,7.830239359192418,35.16724609374656,5,4,3,3,5,2
T2 D3 (17-25) exp 2.JPG,4,0.46274181991879626,0.3875,0.19303455649393325,0.3012304795089518,19.64042333505421,9.197288517984454,23.945276200309756,8.733778363364756,30.969702631592423,5,4,4,4,3,2
T2 F3 (17-25) exp 2.JPG,2,0.6731758652946679,0.5757,0.2891641899381063,0.3302753227544632,18.064616988014592,7.741681954134703,21.729199235713043,7.8168946876851075,28.257538575554978,4,3,3,3,5,1
T2 I1 (1-8) exp 2.JPG,4,0.7034572888202447,0.5921,0.2925932903185293,0.3303179348442869,22.76841216216216,9.646290887391713,27.17162162162162,9.408446036928881,35.449931085048235,4,4,3,3,5,2
T3 E1 (1-8) exp 2.JPG,2,0.13538236370289058,0.111,0.05468939050767821,0.18142908717921927,23.95765765765766,5.5655803474141345,9.554553651938683,3.1912229585532272,25.792612429323587,4,3,3,3,1,3
T3 E3 (17-25) exp 1.JPG,9,0.31646655231560894,0.2583,0.12904124137117234,0.2649042493824318,19.99341850561363,6.523755337746297,22.928377855207124,7.485015354689359,30.421165240860944,2,1,0,0,2,1
T3 H3 (17-25) exp 1.JPG,9,0.3853824957354678,0.2937,0.14912254852847862,0.2790677026095577,19.209056860742255,6.357835845519938,19.336057201225742,6.348501938375389,27.25565947777274,4,5,3,4,2,0
T4 Gul 3 (1-8).JPG,5,0.3984121255864309,0.3312,0.16386815883709818,0.28634527840470847,19.33736762481089,7.501907676665252,22.31652068861371,7.864840698592389,29.52898376684183,3,1,0,0,3,1
